"V1" "V2" "V3" "V4" "V5" "V6" "V7" "V8" "V9" "V10" "V11" "V12" "V13" "V14" "V15" "V16" "V17" "V18" "V19" "V20" "V21" "V22" "V23" "V24" "V25" "V26" "V27" "V28" "V29" "V30" "V31" "V32" "V33" "V34" "V35" "V36" "V37" "V38" "V39" "V40"
"1" 0.00390478937007503 0.0535623095609448 0.260988612524587 0.724221522067222 1.39572293075784 2.15772762726878 2.93518214591893 3.69630066105854 4.42646284685457 5.11655520675945 5.76023402498586 6.35355932425446 6.89482489494755 7.38421786866327 7.82337840126664 8.21496128477141 8.56225683910265 8.86889031364107 9.13859787134678 9.37506824707767 9.58183685853026 9.76221991276316 9.91927795507982 10.0558004212547 10.174304686673 10.2770447266338 10.3660257982283 10.4430225602312 10.5095988118265 10.5671276020143 10.6168108817633 10.6596981756937 10.6967039675874 10.7286236464776 10.7561479645475 10.7798760275392 10.8003268826284 10.8179497950312 10.8331333183825 10.8462132690873
"2" 0.551011278991341 0 0 0 0 0 0 0 0 0 0 0 0 0 0 0 0 0 0 0 0 0 0 0 0 0 0 0 0 0 0 0 0 0 0 0 0 0 0 0
"3" 0 0.551011278991341 0 0 0 0 0 0 0 0 0 0 0 0 0 0 0 0 0 0 0 0 0 0 0 0 0 0 0 0 0 0 0 0 0 0 0 0 0 0
"4" 0 0 0.551011278991341 0 0 0 0 0 0 0 0 0 0 0 0 0 0 0 0 0 0 0 0 0 0 0 0 0 0 0 0 0 0 0 0 0 0 0 0 0
"5" 0 0 0 0.551011278991341 0 0 0 0 0 0 0 0 0 0 0 0 0 0 0 0 0 0 0 0 0 0 0 0 0 0 0 0 0 0 0 0 0 0 0 0
"6" 0 0 0 0 0.551011278991341 0 0 0 0 0 0 0 0 0 0 0 0 0 0 0 0 0 0 0 0 0 0 0 0 0 0 0 0 0 0 0 0 0 0 0
"7" 0 0 0 0 0 0.551011278991341 0 0 0 0 0 0 0 0 0 0 0 0 0 0 0 0 0 0 0 0 0 0 0 0 0 0 0 0 0 0 0 0 0 0
"8" 0 0 0 0 0 0 0.551011278991341 0 0 0 0 0 0 0 0 0 0 0 0 0 0 0 0 0 0 0 0 0 0 0 0 0 0 0 0 0 0 0 0 0
"9" 0 0 0 0 0 0 0 0.551011278991341 0 0 0 0 0 0 0 0 0 0 0 0 0 0 0 0 0 0 0 0 0 0 0 0 0 0 0 0 0 0 0 0
"10" 0 0 0 0 0 0 0 0 0.551011278991341 0 0 0 0 0 0 0 0 0 0 0 0 0 0 0 0 0 0 0 0 0 0 0 0 0 0 0 0 0 0 0
"11" 0 0 0 0 0 0 0 0 0 0.551011278991341 0 0 0 0 0 0 0 0 0 0 0 0 0 0 0 0 0 0 0 0 0 0 0 0 0 0 0 0 0 0
"12" 0 0 0 0 0 0 0 0 0 0 0.551011278991341 0 0 0 0 0 0 0 0 0 0 0 0 0 0 0 0 0 0 0 0 0 0 0 0 0 0 0 0 0
"13" 0 0 0 0 0 0 0 0 0 0 0 0.551011278991341 0 0 0 0 0 0 0 0 0 0 0 0 0 0 0 0 0 0 0 0 0 0 0 0 0 0 0 0
"14" 0 0 0 0 0 0 0 0 0 0 0 0 0.551011278991341 0 0 0 0 0 0 0 0 0 0 0 0 0 0 0 0 0 0 0 0 0 0 0 0 0 0 0
"15" 0 0 0 0 0 0 0 0 0 0 0 0 0 0.551011278991341 0 0 0 0 0 0 0 0 0 0 0 0 0 0 0 0 0 0 0 0 0 0 0 0 0 0
"16" 0 0 0 0 0 0 0 0 0 0 0 0 0 0 0.551011278991341 0 0 0 0 0 0 0 0 0 0 0 0 0 0 0 0 0 0 0 0 0 0 0 0 0
"17" 0 0 0 0 0 0 0 0 0 0 0 0 0 0 0 0.551011278991341 0 0 0 0 0 0 0 0 0 0 0 0 0 0 0 0 0 0 0 0 0 0 0 0
"18" 0 0 0 0 0 0 0 0 0 0 0 0 0 0 0 0 0.551011278991341 0 0 0 0 0 0 0 0 0 0 0 0 0 0 0 0 0 0 0 0 0 0 0
"19" 0 0 0 0 0 0 0 0 0 0 0 0 0 0 0 0 0 0.551011278991341 0 0 0 0 0 0 0 0 0 0 0 0 0 0 0 0 0 0 0 0 0 0
"20" 0 0 0 0 0 0 0 0 0 0 0 0 0 0 0 0 0 0 0.551011278991341 0 0 0 0 0 0 0 0 0 0 0 0 0 0 0 0 0 0 0 0 0
"21" 0 0 0 0 0 0 0 0 0 0 0 0 0 0 0 0 0 0 0 0.551011278991341 0 0 0 0 0 0 0 0 0 0 0 0 0 0 0 0 0 0 0 0
"22" 0 0 0 0 0 0 0 0 0 0 0 0 0 0 0 0 0 0 0 0 0.551011278991341 0 0 0 0 0 0 0 0 0 0 0 0 0 0 0 0 0 0 0
"23" 0 0 0 0 0 0 0 0 0 0 0 0 0 0 0 0 0 0 0 0 0 0.551011278991341 0 0 0 0 0 0 0 0 0 0 0 0 0 0 0 0 0 0
"24" 0 0 0 0 0 0 0 0 0 0 0 0 0 0 0 0 0 0 0 0 0 0 0.551011278991341 0 0 0 0 0 0 0 0 0 0 0 0 0 0 0 0 0
"25" 0 0 0 0 0 0 0 0 0 0 0 0 0 0 0 0 0 0 0 0 0 0 0 0.551011278991341 0 0 0 0 0 0 0 0 0 0 0 0 0 0 0 0
"26" 0 0 0 0 0 0 0 0 0 0 0 0 0 0 0 0 0 0 0 0 0 0 0 0 0.551011278991341 0 0 0 0 0 0 0 0 0 0 0 0 0 0 0
"27" 0 0 0 0 0 0 0 0 0 0 0 0 0 0 0 0 0 0 0 0 0 0 0 0 0 0.551011278991341 0 0 0 0 0 0 0 0 0 0 0 0 0 0
"28" 0 0 0 0 0 0 0 0 0 0 0 0 0 0 0 0 0 0 0 0 0 0 0 0 0 0 0.551011278991341 0 0 0 0 0 0 0 0 0 0 0 0 0
"29" 0 0 0 0 0 0 0 0 0 0 0 0 0 0 0 0 0 0 0 0 0 0 0 0 0 0 0 0.551011278991341 0 0 0 0 0 0 0 0 0 0 0 0
"30" 0 0 0 0 0 0 0 0 0 0 0 0 0 0 0 0 0 0 0 0 0 0 0 0 0 0 0 0 0.551011278991341 0 0 0 0 0 0 0 0 0 0 0
"31" 0 0 0 0 0 0 0 0 0 0 0 0 0 0 0 0 0 0 0 0 0 0 0 0 0 0 0 0 0 0.551011278991341 0 0 0 0 0 0 0 0 0 0
"32" 0 0 0 0 0 0 0 0 0 0 0 0 0 0 0 0 0 0 0 0 0 0 0 0 0 0 0 0 0 0 0.551011278991341 0 0 0 0 0 0 0 0 0
"33" 0 0 0 0 0 0 0 0 0 0 0 0 0 0 0 0 0 0 0 0 0 0 0 0 0 0 0 0 0 0 0 0.551011278991341 0 0 0 0 0 0 0 0
"34" 0 0 0 0 0 0 0 0 0 0 0 0 0 0 0 0 0 0 0 0 0 0 0 0 0 0 0 0 0 0 0 0 0.551011278991341 0 0 0 0 0 0 0
"35" 0 0 0 0 0 0 0 0 0 0 0 0 0 0 0 0 0 0 0 0 0 0 0 0 0 0 0 0 0 0 0 0 0 0.551011278991341 0 0 0 0 0 0
"36" 0 0 0 0 0 0 0 0 0 0 0 0 0 0 0 0 0 0 0 0 0 0 0 0 0 0 0 0 0 0 0 0 0 0 0.551011278991341 0 0 0 0 0
"37" 0 0 0 0 0 0 0 0 0 0 0 0 0 0 0 0 0 0 0 0 0 0 0 0 0 0 0 0 0 0 0 0 0 0 0 0.551011278991341 0 0 0 0
"38" 0 0 0 0 0 0 0 0 0 0 0 0 0 0 0 0 0 0 0 0 0 0 0 0 0 0 0 0 0 0 0 0 0 0 0 0 0.551011278991341 0 0 0
"39" 0 0 0 0 0 0 0 0 0 0 0 0 0 0 0 0 0 0 0 0 0 0 0 0 0 0 0 0 0 0 0 0 0 0 0 0 0 0.551011278991341 0 0
"40" 0 0 0 0 0 0 0 0 0 0 0 0 0 0 0 0 0 0 0 0 0 0 0 0 0 0 0 0 0 0 0 0 0 0 0 0 0 0 0.551011278991341 0
