"V1" "V2" "V3" "V4" "V5" "V6" "V7" "V8" "V9" "V10" "V11" "V12" "V13" "V14" "V15" "V16" "V17" "V18" "V19" "V20" "V21" "V22" "V23" "V24" "V25" "V26" "V27" "V28" "V29" "V30" "V31" "V32" "V33" "V34" "V35" "V36" "V37" "V38" "V39" "V40"
"1" 0.0101452873423713 0.311997694321116 1.57736543236199 2.80557861739823 3.66482572768708 4.2951394301861 4.75525699969044 5.0841107597718 5.31508670233004 5.47536898989675 5.58569767286002 5.66123159559758 5.71275702626449 5.74781957255019 5.77164017674394 5.78780538756448 5.79876727320715 5.80619694568177 5.8112308577287 5.8146407538093 5.8169502045243 5.81851418112951 5.81957324137956 5.82029035835681 5.82077592078027 5.82110468948855 5.82132729163078 5.82147800916326 5.82158005498164 5.82164914648151 5.82169592566683 5.8217275979781 5.82174904199939 5.82176356085132 5.82177339095353 5.8217800464981 5.82178455268317 5.82178760362808 5.82178966929191 5.82179106786408
"2" 0.41469996339435 0 0 0 0 0 0 0 0 0 0 0 0 0 0 0 0 0 0 0 0 0 0 0 0 0 0 0 0 0 0 0 0 0 0 0 0 0 0 0
"3" 0 0.41469996339435 0 0 0 0 0 0 0 0 0 0 0 0 0 0 0 0 0 0 0 0 0 0 0 0 0 0 0 0 0 0 0 0 0 0 0 0 0 0
"4" 0 0 0.41469996339435 0 0 0 0 0 0 0 0 0 0 0 0 0 0 0 0 0 0 0 0 0 0 0 0 0 0 0 0 0 0 0 0 0 0 0 0 0
"5" 0 0 0 0.41469996339435 0 0 0 0 0 0 0 0 0 0 0 0 0 0 0 0 0 0 0 0 0 0 0 0 0 0 0 0 0 0 0 0 0 0 0 0
"6" 0 0 0 0 0.41469996339435 0 0 0 0 0 0 0 0 0 0 0 0 0 0 0 0 0 0 0 0 0 0 0 0 0 0 0 0 0 0 0 0 0 0 0
"7" 0 0 0 0 0 0.41469996339435 0 0 0 0 0 0 0 0 0 0 0 0 0 0 0 0 0 0 0 0 0 0 0 0 0 0 0 0 0 0 0 0 0 0
"8" 0 0 0 0 0 0 0.41469996339435 0 0 0 0 0 0 0 0 0 0 0 0 0 0 0 0 0 0 0 0 0 0 0 0 0 0 0 0 0 0 0 0 0
"9" 0 0 0 0 0 0 0 0.41469996339435 0 0 0 0 0 0 0 0 0 0 0 0 0 0 0 0 0 0 0 0 0 0 0 0 0 0 0 0 0 0 0 0
"10" 0 0 0 0 0 0 0 0 0.41469996339435 0 0 0 0 0 0 0 0 0 0 0 0 0 0 0 0 0 0 0 0 0 0 0 0 0 0 0 0 0 0 0
"11" 0 0 0 0 0 0 0 0 0 0.41469996339435 0 0 0 0 0 0 0 0 0 0 0 0 0 0 0 0 0 0 0 0 0 0 0 0 0 0 0 0 0 0
"12" 0 0 0 0 0 0 0 0 0 0 0.41469996339435 0 0 0 0 0 0 0 0 0 0 0 0 0 0 0 0 0 0 0 0 0 0 0 0 0 0 0 0 0
"13" 0 0 0 0 0 0 0 0 0 0 0 0.41469996339435 0 0 0 0 0 0 0 0 0 0 0 0 0 0 0 0 0 0 0 0 0 0 0 0 0 0 0 0
"14" 0 0 0 0 0 0 0 0 0 0 0 0 0.41469996339435 0 0 0 0 0 0 0 0 0 0 0 0 0 0 0 0 0 0 0 0 0 0 0 0 0 0 0
"15" 0 0 0 0 0 0 0 0 0 0 0 0 0 0.41469996339435 0 0 0 0 0 0 0 0 0 0 0 0 0 0 0 0 0 0 0 0 0 0 0 0 0 0
"16" 0 0 0 0 0 0 0 0 0 0 0 0 0 0 0.41469996339435 0 0 0 0 0 0 0 0 0 0 0 0 0 0 0 0 0 0 0 0 0 0 0 0 0
"17" 0 0 0 0 0 0 0 0 0 0 0 0 0 0 0 0.41469996339435 0 0 0 0 0 0 0 0 0 0 0 0 0 0 0 0 0 0 0 0 0 0 0 0
"18" 0 0 0 0 0 0 0 0 0 0 0 0 0 0 0 0 0.41469996339435 0 0 0 0 0 0 0 0 0 0 0 0 0 0 0 0 0 0 0 0 0 0 0
"19" 0 0 0 0 0 0 0 0 0 0 0 0 0 0 0 0 0 0.41469996339435 0 0 0 0 0 0 0 0 0 0 0 0 0 0 0 0 0 0 0 0 0 0
"20" 0 0 0 0 0 0 0 0 0 0 0 0 0 0 0 0 0 0 0.41469996339435 0 0 0 0 0 0 0 0 0 0 0 0 0 0 0 0 0 0 0 0 0
"21" 0 0 0 0 0 0 0 0 0 0 0 0 0 0 0 0 0 0 0 0.41469996339435 0 0 0 0 0 0 0 0 0 0 0 0 0 0 0 0 0 0 0 0
"22" 0 0 0 0 0 0 0 0 0 0 0 0 0 0 0 0 0 0 0 0 0.41469996339435 0 0 0 0 0 0 0 0 0 0 0 0 0 0 0 0 0 0 0
"23" 0 0 0 0 0 0 0 0 0 0 0 0 0 0 0 0 0 0 0 0 0 0.41469996339435 0 0 0 0 0 0 0 0 0 0 0 0 0 0 0 0 0 0
"24" 0 0 0 0 0 0 0 0 0 0 0 0 0 0 0 0 0 0 0 0 0 0 0.41469996339435 0 0 0 0 0 0 0 0 0 0 0 0 0 0 0 0 0
"25" 0 0 0 0 0 0 0 0 0 0 0 0 0 0 0 0 0 0 0 0 0 0 0 0.41469996339435 0 0 0 0 0 0 0 0 0 0 0 0 0 0 0 0
"26" 0 0 0 0 0 0 0 0 0 0 0 0 0 0 0 0 0 0 0 0 0 0 0 0 0.41469996339435 0 0 0 0 0 0 0 0 0 0 0 0 0 0 0
"27" 0 0 0 0 0 0 0 0 0 0 0 0 0 0 0 0 0 0 0 0 0 0 0 0 0 0.41469996339435 0 0 0 0 0 0 0 0 0 0 0 0 0 0
"28" 0 0 0 0 0 0 0 0 0 0 0 0 0 0 0 0 0 0 0 0 0 0 0 0 0 0 0.41469996339435 0 0 0 0 0 0 0 0 0 0 0 0 0
"29" 0 0 0 0 0 0 0 0 0 0 0 0 0 0 0 0 0 0 0 0 0 0 0 0 0 0 0 0.41469996339435 0 0 0 0 0 0 0 0 0 0 0 0
"30" 0 0 0 0 0 0 0 0 0 0 0 0 0 0 0 0 0 0 0 0 0 0 0 0 0 0 0 0 0.41469996339435 0 0 0 0 0 0 0 0 0 0 0
"31" 0 0 0 0 0 0 0 0 0 0 0 0 0 0 0 0 0 0 0 0 0 0 0 0 0 0 0 0 0 0.41469996339435 0 0 0 0 0 0 0 0 0 0
"32" 0 0 0 0 0 0 0 0 0 0 0 0 0 0 0 0 0 0 0 0 0 0 0 0 0 0 0 0 0 0 0.41469996339435 0 0 0 0 0 0 0 0 0
"33" 0 0 0 0 0 0 0 0 0 0 0 0 0 0 0 0 0 0 0 0 0 0 0 0 0 0 0 0 0 0 0 0.41469996339435 0 0 0 0 0 0 0 0
"34" 0 0 0 0 0 0 0 0 0 0 0 0 0 0 0 0 0 0 0 0 0 0 0 0 0 0 0 0 0 0 0 0 0.41469996339435 0 0 0 0 0 0 0
"35" 0 0 0 0 0 0 0 0 0 0 0 0 0 0 0 0 0 0 0 0 0 0 0 0 0 0 0 0 0 0 0 0 0 0.41469996339435 0 0 0 0 0 0
"36" 0 0 0 0 0 0 0 0 0 0 0 0 0 0 0 0 0 0 0 0 0 0 0 0 0 0 0 0 0 0 0 0 0 0 0.41469996339435 0 0 0 0 0
"37" 0 0 0 0 0 0 0 0 0 0 0 0 0 0 0 0 0 0 0 0 0 0 0 0 0 0 0 0 0 0 0 0 0 0 0 0.41469996339435 0 0 0 0
"38" 0 0 0 0 0 0 0 0 0 0 0 0 0 0 0 0 0 0 0 0 0 0 0 0 0 0 0 0 0 0 0 0 0 0 0 0 0.41469996339435 0 0 0
"39" 0 0 0 0 0 0 0 0 0 0 0 0 0 0 0 0 0 0 0 0 0 0 0 0 0 0 0 0 0 0 0 0 0 0 0 0 0 0.41469996339435 0 0
"40" 0 0 0 0 0 0 0 0 0 0 0 0 0 0 0 0 0 0 0 0 0 0 0 0 0 0 0 0 0 0 0 0 0 0 0 0 0 0 0.41469996339435 0
