"V1" "V2" "V3" "V4" "V5" "V6" "V7" "V8" "V9" "V10" "V11" "V12" "V13" "V14" "V15" "V16" "V17" "V18" "V19" "V20" "V21" "V22" "V23" "V24" "V25" "V26" "V27" "V28" "V29" "V30" "V31" "V32" "V33" "V34" "V35" "V36" "V37" "V38" "V39" "V40"
"1" 9.70554659753578e-06 0.000187902813686445 0.00153453108805515 0.00875140623737976 0.0402746794974806 0.154635861470542 0.476564632218527 1.09697901145028 1.87083053319509 2.58194252715477 3.17915824716196 3.69723195967306 4.16794389794677 4.60667912723415 5.01912349647313 5.40687801024778 5.77021914754395 6.10922500716575 6.42416235754679 6.71557342843499 6.98425270706617 7.2311910159441 7.45751636523234 7.66444169937966 7.85322209544928 8.02512117785564 8.18138560264084 8.32322627451953 8.45180503298315 8.56822570051207 8.67352855750257 8.76868746943231 8.85460903376078 8.9321332355511 9.00203520289782 9.0650277379875 9.12176436928427 9.17284272713758 9.21880809108969 9.26015699411694
"2" 0.655734039393442 0 0 0 0 0 0 0 0 0 0 0 0 0 0 0 0 0 0 0 0 0 0 0 0 0 0 0 0 0 0 0 0 0 0 0 0 0 0 0
"3" 0 0.655734039393442 0 0 0 0 0 0 0 0 0 0 0 0 0 0 0 0 0 0 0 0 0 0 0 0 0 0 0 0 0 0 0 0 0 0 0 0 0 0
"4" 0 0 0.655734039393442 0 0 0 0 0 0 0 0 0 0 0 0 0 0 0 0 0 0 0 0 0 0 0 0 0 0 0 0 0 0 0 0 0 0 0 0 0
"5" 0 0 0 0.655734039393442 0 0 0 0 0 0 0 0 0 0 0 0 0 0 0 0 0 0 0 0 0 0 0 0 0 0 0 0 0 0 0 0 0 0 0 0
"6" 0 0 0 0 0.655734039393442 0 0 0 0 0 0 0 0 0 0 0 0 0 0 0 0 0 0 0 0 0 0 0 0 0 0 0 0 0 0 0 0 0 0 0
"7" 0 0 0 0 0 0.655734039393442 0 0 0 0 0 0 0 0 0 0 0 0 0 0 0 0 0 0 0 0 0 0 0 0 0 0 0 0 0 0 0 0 0 0
"8" 0 0 0 0 0 0 0.655734039393442 0 0 0 0 0 0 0 0 0 0 0 0 0 0 0 0 0 0 0 0 0 0 0 0 0 0 0 0 0 0 0 0 0
"9" 0 0 0 0 0 0 0 0.655734039393442 0 0 0 0 0 0 0 0 0 0 0 0 0 0 0 0 0 0 0 0 0 0 0 0 0 0 0 0 0 0 0 0
"10" 0 0 0 0 0 0 0 0 0.655734039393442 0 0 0 0 0 0 0 0 0 0 0 0 0 0 0 0 0 0 0 0 0 0 0 0 0 0 0 0 0 0 0
"11" 0 0 0 0 0 0 0 0 0 0.655734039393442 0 0 0 0 0 0 0 0 0 0 0 0 0 0 0 0 0 0 0 0 0 0 0 0 0 0 0 0 0 0
"12" 0 0 0 0 0 0 0 0 0 0 0.655734039393442 0 0 0 0 0 0 0 0 0 0 0 0 0 0 0 0 0 0 0 0 0 0 0 0 0 0 0 0 0
"13" 0 0 0 0 0 0 0 0 0 0 0 0.655734039393442 0 0 0 0 0 0 0 0 0 0 0 0 0 0 0 0 0 0 0 0 0 0 0 0 0 0 0 0
"14" 0 0 0 0 0 0 0 0 0 0 0 0 0.655734039393442 0 0 0 0 0 0 0 0 0 0 0 0 0 0 0 0 0 0 0 0 0 0 0 0 0 0 0
"15" 0 0 0 0 0 0 0 0 0 0 0 0 0 0.655734039393442 0 0 0 0 0 0 0 0 0 0 0 0 0 0 0 0 0 0 0 0 0 0 0 0 0 0
"16" 0 0 0 0 0 0 0 0 0 0 0 0 0 0 0.655734039393442 0 0 0 0 0 0 0 0 0 0 0 0 0 0 0 0 0 0 0 0 0 0 0 0 0
"17" 0 0 0 0 0 0 0 0 0 0 0 0 0 0 0 0.655734039393442 0 0 0 0 0 0 0 0 0 0 0 0 0 0 0 0 0 0 0 0 0 0 0 0
"18" 0 0 0 0 0 0 0 0 0 0 0 0 0 0 0 0 0.655734039393442 0 0 0 0 0 0 0 0 0 0 0 0 0 0 0 0 0 0 0 0 0 0 0
"19" 0 0 0 0 0 0 0 0 0 0 0 0 0 0 0 0 0 0.655734039393442 0 0 0 0 0 0 0 0 0 0 0 0 0 0 0 0 0 0 0 0 0 0
"20" 0 0 0 0 0 0 0 0 0 0 0 0 0 0 0 0 0 0 0.655734039393442 0 0 0 0 0 0 0 0 0 0 0 0 0 0 0 0 0 0 0 0 0
"21" 0 0 0 0 0 0 0 0 0 0 0 0 0 0 0 0 0 0 0 0.655734039393442 0 0 0 0 0 0 0 0 0 0 0 0 0 0 0 0 0 0 0 0
"22" 0 0 0 0 0 0 0 0 0 0 0 0 0 0 0 0 0 0 0 0 0.655734039393442 0 0 0 0 0 0 0 0 0 0 0 0 0 0 0 0 0 0 0
"23" 0 0 0 0 0 0 0 0 0 0 0 0 0 0 0 0 0 0 0 0 0 0.655734039393442 0 0 0 0 0 0 0 0 0 0 0 0 0 0 0 0 0 0
"24" 0 0 0 0 0 0 0 0 0 0 0 0 0 0 0 0 0 0 0 0 0 0 0.655734039393442 0 0 0 0 0 0 0 0 0 0 0 0 0 0 0 0 0
"25" 0 0 0 0 0 0 0 0 0 0 0 0 0 0 0 0 0 0 0 0 0 0 0 0.655734039393442 0 0 0 0 0 0 0 0 0 0 0 0 0 0 0 0
"26" 0 0 0 0 0 0 0 0 0 0 0 0 0 0 0 0 0 0 0 0 0 0 0 0 0.655734039393442 0 0 0 0 0 0 0 0 0 0 0 0 0 0 0
"27" 0 0 0 0 0 0 0 0 0 0 0 0 0 0 0 0 0 0 0 0 0 0 0 0 0 0.655734039393442 0 0 0 0 0 0 0 0 0 0 0 0 0 0
"28" 0 0 0 0 0 0 0 0 0 0 0 0 0 0 0 0 0 0 0 0 0 0 0 0 0 0 0.655734039393442 0 0 0 0 0 0 0 0 0 0 0 0 0
"29" 0 0 0 0 0 0 0 0 0 0 0 0 0 0 0 0 0 0 0 0 0 0 0 0 0 0 0 0.655734039393442 0 0 0 0 0 0 0 0 0 0 0 0
"30" 0 0 0 0 0 0 0 0 0 0 0 0 0 0 0 0 0 0 0 0 0 0 0 0 0 0 0 0 0.655734039393442 0 0 0 0 0 0 0 0 0 0 0
"31" 0 0 0 0 0 0 0 0 0 0 0 0 0 0 0 0 0 0 0 0 0 0 0 0 0 0 0 0 0 0.655734039393442 0 0 0 0 0 0 0 0 0 0
"32" 0 0 0 0 0 0 0 0 0 0 0 0 0 0 0 0 0 0 0 0 0 0 0 0 0 0 0 0 0 0 0.655734039393442 0 0 0 0 0 0 0 0 0
"33" 0 0 0 0 0 0 0 0 0 0 0 0 0 0 0 0 0 0 0 0 0 0 0 0 0 0 0 0 0 0 0 0.655734039393442 0 0 0 0 0 0 0 0
"34" 0 0 0 0 0 0 0 0 0 0 0 0 0 0 0 0 0 0 0 0 0 0 0 0 0 0 0 0 0 0 0 0 0.655734039393442 0 0 0 0 0 0 0
"35" 0 0 0 0 0 0 0 0 0 0 0 0 0 0 0 0 0 0 0 0 0 0 0 0 0 0 0 0 0 0 0 0 0 0.655734039393442 0 0 0 0 0 0
"36" 0 0 0 0 0 0 0 0 0 0 0 0 0 0 0 0 0 0 0 0 0 0 0 0 0 0 0 0 0 0 0 0 0 0 0.655734039393442 0 0 0 0 0
"37" 0 0 0 0 0 0 0 0 0 0 0 0 0 0 0 0 0 0 0 0 0 0 0 0 0 0 0 0 0 0 0 0 0 0 0 0.655734039393442 0 0 0 0
"38" 0 0 0 0 0 0 0 0 0 0 0 0 0 0 0 0 0 0 0 0 0 0 0 0 0 0 0 0 0 0 0 0 0 0 0 0 0.655734039393442 0 0 0
"39" 0 0 0 0 0 0 0 0 0 0 0 0 0 0 0 0 0 0 0 0 0 0 0 0 0 0 0 0 0 0 0 0 0 0 0 0 0 0.655734039393442 0 0
"40" 0 0 0 0 0 0 0 0 0 0 0 0 0 0 0 0 0 0 0 0 0 0 0 0 0 0 0 0 0 0 0 0 0 0 0 0 0 0 0.655734039393442 0
